"","Otu00001","Otu00057","Otu00023","Otu00002","Otu00046","Otu00003","Otu00213","Otu00015","Otu00007","Otu00049","Otu00083","Otu00203","Otu00207","Otu00018","Otu00028","Otu00013","Otu00300","Otu00033","Otu00171","Otu00073","Otu00108","Otu00075","Otu00014","Otu00101","Otu00005","Otu00027","Otu00154","Otu00077","Otu00036","Otu00035","Otu00006","Otu00050","Otu00559","Otu00056","Otu00022","Otu00009","Otu00393","Otu00024","Otu00189","Otu00012","Otu00011","Otu00162","Otu00346","Otu00090","Otu00111","Otu00048","Otu00194","Otu00119","Otu00020","Otu00039","Otu00044","Otu00081","Otu00275","Otu00184","Otu00099","Otu00059","Otu00040","Otu00160","Otu00010","Otu00512","Otu00008","Otu00004","Otu00107","Otu00053","Otu00078","Otu00110","Otu00091","Otu00491","Otu00069","Otu00079","Otu00037","Otu00029","Otu00178","Otu00038","Otu00041","Otu00092","Otu00234","Otu00514","Otu00058","Otu00047","Otu00067","Otu00043","Otu00085","Otu00054","Otu00122","Otu00068","Otu00088","Otu00126","Otu00096","Otu00031","Otu00034","Otu00131","Otu00061","Otu00324","Otu00285","Otu00045","Otu00032","Otu00120","Otu00264","Otu00607"
"Otu00001",1,-0.0474671962226711,-0.0558830255075924,0.592352749131779,0.214403552409127,-0.0796024592438114,-0.0367948792722963,0.466463395751582,0.290178871733075,-0.0760493169287872,0.219267358640985,0.162092850042204,-0.0347675074818941,-0.0132184367253237,-0.0361730174450332,-0.0731690685799532,-0.00440398358513812,0.076122090140979,-0.0431888300763142,0.24685149738315,-0.0464525274462943,-0.0282460536093687,-0.0454324443349175,0.232817026955463,-0.0430558770482952,-0.0468089088077595,0.276296475741708,-0.0530709204078347,-0.028077822812112,0.630893493334769,-0.0442940314024684,-0.0410782289724689,-0.0219164163586268,0.136173049487463,-0.070392319485879,-0.0437988174237426,-0.0421440214916329,-0.0197968364136822,-0.0238936287646758,-0.0694926720424029,-0.0858479345754334,-0.0366544630404463,-0.0333671304997311,-0.0615807576381128,-0.086775768525641,-0.0480339268425336,-0.0329424842705155,-0.0364588730049329,-0.0479401769747078,-0.0447305173863029,-0.0458185468434783,-0.0698536205898497,0.24045952699606,-0.038448017432273,-0.0370759239697002,-0.0357342017115593,-0.0633810039354877,0.193983364249327,-0.0948319261320939,-0.0143222633884041,-0.0563493434121563,-0.0632525513497113,-0.0146870173655482,-0.0666459697054886,-0.0291036877128042,-0.0509778480424392,-0.0370278429570947,-0.0206716924716509,-0.0415933186377488,-0.0517831378570326,-0.0549789514932117,-0.0117154240514252,-0.0625637838060618,0.209206920156078,-0.0797484296241172,-0.0161232977638977,0.637372165246079,-0.0226711500584157,-0.0636643943163635,-0.00265072444274361,-0.0445611403457837,-0.0679283657306674,-0.0658366763944488,-0.0266060242014508,-0.0553139623124769,-0.0333649159006421,0.0613008289296908,-0.0214818660368464,-0.0504123473503561,-0.0733651610017819,-0.0628863628325823,-0.0540911033853329,-0.0937405792910581,0.73328237892651,-0.0346352509532763,-0.0572576997612097,-0.0639102844971169,-0.046820571222779,-0.0583623404036292,0.114425443908057
"Otu00057",-0.0474671962226711,1,0.483326691455168,0.00830572399306272,-0.0748921974402741,-0.103084460644364,0.36830359860349,-0.0374314311533388,-0.0171177553223342,-0.0984831736663436,-0.0631541497674089,-0.0505284972813202,0.471315095722438,-0.0171177553223342,-0.0468437285559152,-0.0947532782537913,-0.0366131512424973,-0.0589984899929118,0.329518677140592,-0.0692078099284837,-0.0601556005035238,0.369817804525739,-0.0588346021531258,-0.0493616541647183,-0.0557569691345762,-0.0606171111249208,-0.0652835312601449,-0.0687263591867851,-0.036360525141434,0.031324588532176,-0.0573603677607856,0.0663435589499448,-0.0283815598292837,-0.0555726080303893,-0.0911574134347076,-0.0567190701628792,-0.0545761244830787,-0.0256367230806099,-0.0309420319100851,-0.0899923781787393,-0.111172294388998,-0.0188902804639686,-0.0432101304845339,-0.0797465209931899,-0.112373830914794,-0.0622034983369984,-0.042660217480348,-0.0472139089057987,-0.0620820931109274,-0.0579256131395067,-0.0593346013896634,-0.0904598032644388,-0.0208795239442189,-0.0497898328456364,-0.0480129842923807,-0.0462754661726029,-0.0820778235729695,-0.0630930510567207,-0.122806481735086,-0.018547200810444,-0.0729718871563351,-0.0819114786428139,-0.0190195538929866,-0.0975742596748399,-0.0376890108564034,-0.0660158495125102,-0.0479507198184089,-0.0267696537178524,-0.0538629692965778,-0.067058692497367,-0.0902439797962786,-0.0151713675812731,-0.0810195309389246,-0.0855375035681413,-0.103273490959091,-0.0208795239442189,0.0347634371089452,-0.0293589331053351,-0.0824448115384406,-0.0273266980594486,-0.0577062714127144,-0.0879666157342159,-0.0852578970701448,-0.0529869359367611,-0.0836827523193539,-0.043207262598858,-0.020372889026546,-0.0278188211153156,-0.0652835312601449,-0.0950072161563722,-0.0814372678440396,-0.0700474868629018,-0.121393197503006,-0.00073585384341691,-0.0448523349368537,-0.0741482003658083,-0.0827632370858609,-0.060632213846288,-0.0755786999497581,-0.0361363758529678
"Otu00023",-0.0558830255075924,0.483326691455168,1,0.0190891908440423,-0.0392041233279158,0.0894310313863679,0.36866592928068,-0.000612054741773393,-0.0201526956179022,-0.0725261664898361,-0.059388264771143,-0.0594870884976284,0.515814341110119,0.0419497952185151,-0.0386693033039579,0.165766874009626,-0.0431045822719267,-0.0570053219234348,0.540744536240095,-0.035377716627751,0.124723748455791,0.285079182113563,-0.0692658474587097,-0.0303845425185512,0.00904689085319164,0.453728090686216,-0.0619972392346146,-0.0809113912155763,-0.0428071661198672,0.052685195734827,-0.0618868180631124,-0.00252448247792269,-0.0334135478414375,-0.043431138054532,0.179300446277804,-0.0667752363086748,-0.0642523510823408,0.0156069614013751,0.425426836261176,0.0449624272226197,-0.106062689656102,0.010625268738752,-0.0508711913955494,0.325817122255297,-0.132297463493283,-0.0317972457110713,-0.0502237800275867,-0.0555848309076179,-0.0730891114067039,-0.0441783630382806,0.198794251657607,-0.106498127033338,-0.0124614130516219,-0.0586174604853223,-0.0565255805992865,-0.0345824718944718,-0.0459449573493407,-0.0584360047668051,-0.0157499079658415,-0.0218355786409277,0.10075372790385,-0.0380426352665525,-0.0223916788840617,-0.0400674114099718,-0.0443711894244635,-0.0777203141493111,0.361059353516402,-0.0315158543286713,0.303962876217026,-0.0789480508972281,-0.106244038539892,-0.0178612176196835,-0.095384115228416,-0.0584458973926038,-0.121583653318216,-0.0245814175264871,0.0507192721235567,-0.0345642072454562,0.0672231465973149,-0.0208413639852252,-0.0679374661645709,-0.103562902848344,-0.100373934334445,-0.0623814029089194,-0.0928047438184655,-0.0508678150400633,0.0469705414857047,-0.0327510367936126,-0.0768581574846404,0.0480807330998623,-0.0958759159662244,-0.0824667519172467,-0.12909917917223,0.00670576930930354,-0.0528045550782739,0.0274816059089686,-0.0819396080373016,-0.0329872157299973,-0.0889786368950471,-0.033803192984031
"Otu00002",0.592352749131779,0.00830572399306272,0.0190891908440423,1,-0.0107893626703283,-0.107815478710158,0.0645283980158133,0.189356252375338,0.0302800617686667,-0.102016105739139,-0.00177052308907263,0.0250508093024511,0.0104526199670558,-0.0194090996853087,-0.0421260630684457,0.0528155401139188,-0.0415141056100815,0.049353265661079,-0.0292366878272034,0.026915930559545,-0.0682078943656318,-0.0157342765146634,-0.0667100701366834,0.0303108061737645,-0.0632204720598906,-0.0470747591079117,-0.004661279720805,0.221789144392515,0.280438722357712,0.368171960571625,0.409076889353355,-0.0771900652907758,-0.0321806518190147,-0.0532347463225299,-0.0960092526586039,0.37473733473074,-0.0618815621898637,-0.0290683973749172,-0.0350838629539982,-0.102038556229987,-0.126053568555524,-0.0538210487251144,-0.0489941417082456,-0.0821905628196996,-0.127415940067769,0.0557657747121771,0.324188090613256,0.360667202816633,0.0697718183303777,-0.065679405890936,-0.067276998150421,-0.0954955437342193,0.0894619540195685,-0.056454588280915,0.398800317261933,-0.0524697963614605,-0.0930645770828625,-0.0179829035993931,-0.1277918837759,-0.0210298875427703,-0.0827397404258071,-0.0817521572984415,-0.0215654687502999,-0.110635331390572,-0.0427339773806784,0.260737930363523,-0.0543692957057,-0.0303529795681262,-0.0610729456484279,-0.0760350187824966,-0.102323836676158,-0.0172021728434916,-0.0918646237686796,-0.012460733099727,-0.117097449001362,-0.0236744102240079,0.521410049945172,-0.0332888540913002,-0.0839555328978144,-0.0309845886168355,-0.0654307035721859,-0.0997416297647973,-0.0966703280911593,-0.0600796484264402,-0.0948843379942566,0.311870650039236,-0.00732979445795287,-0.03154258616201,-0.074022238440568,-0.107724669180004,-0.0923382779996775,-0.0794238864632881,-0.13764261885319,0.556603551923519,0.296334978736784,-0.0840735122851363,-0.0938417385124344,-0.0687483061022682,-0.0856954953373446,-0.0293183850568658
"Otu00046",0.214403552409127,-0.0748921974402741,-0.0392041233279158,-0.0107893626703283,1,-0.133978135451504,-0.0619291082950896,0.0553451893898985,0.13698559395999,-0.127997875709745,0.889850221590857,0.185010105929397,-0.01909848126195,-0.0222478240354142,-0.0608824586197322,-0.107348835992076,-0.0350586151311124,0.12555118053245,-0.0726907055501086,0.883823604526671,-0.0781838032817832,0.0844392791408495,-0.076466911183648,0.78111980802607,-0.072466933584194,-0.0787836253321615,0.893154747061745,-0.0893231569788423,-0.0472575141979289,0.240764614863868,-0.074550859298916,-0.0462615547514746,-0.0368873101082733,0.736093831467494,-0.118476637586518,-0.0737173694023792,-0.0586248031438965,-0.0333198654380742,-0.0402151373396238,-0.116962449605573,-0.144489835063399,-0.0616927750824087,-0.0561598972216242,-0.103645982378198,-0.141827915948653,-0.0808454414337321,-0.0554451792272648,-0.0613635793701164,-0.0806876519306257,-0.0752855046706845,-0.0771167566115597,-0.11756995864286,0.387212432736907,-0.0647114892720268,-0.0624021319289622,-0.0601438920686971,-0.102344002926473,0.895152497895495,-0.155940423916776,-0.0241056641019906,-0.0948410392844003,-0.10645976233509,-0.0247195780214916,-0.0994155434648837,-0.0489841375701906,-0.0858003269614699,-0.0623212072379325,-0.0347923272759189,-0.0700053155551109,-0.0871557025225044,-0.0941316366726672,-0.0197181178237993,-0.105300504290372,0.832369297288515,-0.134223816798165,-0.027136967780356,0.144119310511275,-0.0381575951575131,-0.10104808605481,0.00321883642901491,-0.075000427798781,-0.114329580660163,-0.110809078405929,-0.0238018691023422,-0.059918780707304,-0.0561561698511444,0.23631347682044,-0.0361559226307374,-0.0848485381720083,-0.123480198620651,-0.105843433955103,-0.0910402171606882,-0.153837561859559,0.0896476752956759,-0.058294258590706,-0.0963698851407696,-0.107566786685231,-0.0788032542309923,-0.0982290952081623,0.259303022718902
"Otu00003",-0.0796024592438114,-0.103084460644364,0.0894310313863679,-0.107815478710158,-0.133978135451504,1,0.138832623296517,-0.0526432904992322,-0.0287064652818241,0.678204809872005,-0.105909470813375,-0.0847362592603744,-0.0755045598207919,0.0436713413591387,0.411206440410388,0.358225677601427,0.0325527094203057,-0.0989404318948185,0.0854347776094805,-0.116061455227775,0.463440765957848,-0.0613419252317849,0.547020978351078,-0.0827794640623285,0.380420158637917,0.453537061224803,-0.109480442283754,0.15978404136825,0.0327320162098275,-0.0531217330783259,-0.0633074947252438,-0.0401479709270758,0.157210563256887,-0.0931952299238296,0.560182917438916,0.00680619531751236,0.0595190478686137,0.06373753172337,0.23718229243748,0.525542344832705,0.717529573384973,0.186154967385214,0.0834426599472884,0.51366346752374,0.162866567245237,0.21992091019642,-0.0271406144442931,-0.0791776965672098,0.202135297758975,0.555986289747506,0.502608729870709,0.379914277417683,-0.0350149489766164,0.342501689910704,-0.0805177455053172,0.374595731462895,0.5416755459362,-0.115254062626279,0.61985522742889,0.150137920345594,0.664146616131571,0.805653038870634,-0.0318957803300551,0.502701702987638,-0.063204448321797,0.255910224814107,0.358871128435172,0.0999882708408189,0.428930485270069,0.516484944710878,0.432861254206209,0.0625320691102995,0.213650187023918,-0.10650960224578,0.473720156155226,0.0921131896373488,-0.0493059832006243,0.0831771636139138,0.41949310231488,-0.0458268560531969,0.389048546302414,0.400451631777785,0.343076488807938,0.218397103767392,0.16603916239703,-0.0263052283241403,-0.0341653225273026,0.0474473531551941,0.314853847717561,0.663379873304686,0.431061604623839,0.531385614902729,0.413699617541779,-0.0410594254718344,0.0461560940520627,0.48429188607792,0.412082543843344,0.368170507485897,0.357646505537486,-0.00966971083456151
"Otu00213",-0.0367948792722963,0.36830359860349,0.36866592928068,0.0645283980158133,-0.0619291082950896,0.138832623296517,1,-0.014300502225228,-0.0132690740262676,0.0951842248046911,-0.0489548467395357,-0.0391678907798803,0.121272583561123,0.0287891516819913,-0.00840982697089357,0.223919163408474,-0.0283812103294734,-0.0457335273470427,0.289340911299516,-0.053647428406617,0.284445916943313,0.118710444047513,-0.0456064873329067,-0.0382633955701006,0.0972864152135114,0.301292628107394,-0.0506054674035905,-0.0532742249455729,-0.0281853835769084,0.041296272438493,-0.0253540060433593,0.0667043607384629,-0.0220003739546592,-0.0430779057126655,0.255965658261159,-0.0439666023097289,-0.0423054671711489,-0.000491357331708525,0.120823207386012,0.146438294656865,0.0398922831492497,0.0758101391903347,-0.0334949535898484,0.115832649486168,-0.0871081898850486,0.0920883524585203,-0.0330686806222106,-0.0365985399687949,-0.0481238266164331,0.131307428461014,0.233912693396477,-0.0701212164395962,-0.0161850630314588,-0.0385953044276925,-0.0372179547376981,0.0820385173315402,0.0221909773808964,-0.0532742249455729,0.0502191593560365,-0.01437712923801,0.101454423865099,0.077737441092832,-0.0147432805178227,0.09625253041806,-0.0292151783696735,-0.0511731344205821,0.198459592343661,-0.0207508817687258,0.0773542486259708,-0.0519815091463141,-0.0699539177767927,-0.0117603035985082,-0.0628034536864426,-0.0663056250948345,-0.0800539305933012,-0.0161850630314588,-0.0227908498870892,-0.0227579988947879,0.00865282688056232,-0.0211826826950371,-0.0447318455449675,-0.0681885862975628,-0.0660888840998689,-0.0410735848322729,-0.0648678880109096,-0.0334927305070542,-0.0157923376945028,-0.0215641589537737,-0.0506054674035905,0.187797832671285,-0.0631272684514687,-0.0542983160487839,-0.0629088440329372,-0.0189790192109354,-0.0347679319701192,0.195148246162474,-0.0510358355131108,0.0505096670412219,-0.0585859153585366,-0.0280116310348497
"Otu00015",0.466463395751582,-0.0374314311533388,-0.000612054741773393,0.189356252375338,0.0553451893898985,-0.0526432904992322,-0.014300502225228,1,0.100588947122669,-0.0599705690962793,0.0284112615261076,-0.00777320557662644,-0.0274167776115697,-0.0104237250904321,-0.0285251272426238,-0.0370439062438471,-0.0222952960864125,0.0382782396948035,-0.0213308250019021,0.0363401863538465,-0.0296957649519322,-0.022274123924927,-0.0358268772453455,0.0250163446610305,-0.0339527763535807,0.0114712140185472,0.0487959670774281,-0.0418503864051991,-0.0221414613704369,0.402056897689209,-0.0349291535815094,-0.0309433422926745,-0.0172827319778375,0.00984451231446965,-0.0390880127461827,-0.0345386403549879,-0.0332337101097925,-0.0156112848080699,0.0448616945355598,-0.0461539164628059,-0.0676975113011182,-0.0289047830700766,-0.0263124757195712,0.00660429993707681,-0.068429177702184,-0.0378783405953956,-0.0259776104366326,-0.0287505457118334,-0.0378044118192637,-0.0352733553956772,-0.0258700451138793,-0.0550847995667286,0.0233945421504293,-0.0303191347293255,-0.0292371365059776,-0.0281790882467776,-0.0499806576759128,0.0837007728103981,-0.0683850403748926,-0.0112941748964516,-0.0337409817430262,-0.0498793632135561,-0.011581810663252,-0.0594170929307496,-0.02295043250121,-0.0401998424426543,0.0139912934124794,-0.0163011741823931,-0.00951183753007118,-0.0408348736358183,-0.0414992732452466,-0.00923848728616599,-0.0493362185380242,0.0108607776734403,-0.0628875958684979,-0.012714425081755,0.204549801048336,-0.0178778958967307,-0.0395638534094183,0.0171158215250576,-0.0351397889427228,-0.0535665922478035,-0.0519171389071099,-0.0322659860004249,-0.0509579666587217,-0.0263107293427062,0.0580596759093099,-0.0169400565778396,-0.0397539028905565,-0.0578539115773644,-0.0495905962047832,-0.0426548769149585,-0.0739214514282068,0.196802236102481,-0.0273124834560372,-0.0451519747776175,-0.05039803494864,-0.0369215190226129,-0.0460230664671695,-0.0220049673898774
"Otu00007",0.290178871733075,-0.0171177553223342,-0.0201526956179022,0.0302800617686667,0.13698559395999,-0.0287064652818241,-0.0132690740262676,0.100588947122669,1,-0.0274251209932612,0.0939012926380782,-0.0140709331346564,-0.0125379574443505,-0.00476687025175033,-0.013044816445233,-0.0263864376408337,-0.0101958544326767,-0.0164296160068639,-0.0155748787528157,0.106907963523385,-0.0167518425819702,-0.0101861721985546,-0.0163839773087175,0.00593073226173906,-0.0155269328536664,-0.0168803618422691,0.108366129534197,-0.0191385862777902,-0.0101255043299151,0.350796138799154,-0.0159734395988003,-0.0189578616180626,-0.00790356040852889,0.0937768169565996,-0.0253850784840615,-0.0157948541251553,-0.0151980969090482,-0.00713919145963448,-0.00861658837058208,-0.0250606450639465,-0.0309587263611781,-0.0132184367253237,-0.0120329495136684,-0.0222074279860185,-0.0312933244795271,-0.0173221313305351,-0.0118798123825818,-0.0131479024903607,-0.0172883229865281,-0.0161308464158758,-0.0165232146936239,-0.0251908113558455,-0.00581442950236269,-0.0138652334118725,-0.0133704251644775,-0.0128865694672156,-0.0228566379265812,0.0645927286875418,-0.0341985589513192,-0.00516493536282707,-0.020320860507088,-0.022810314989715,-0.00529647397960804,-0.0271720109922177,-0.010495454648477,-0.0183837765676336,-0.0133530860529452,-0.00745468453978859,-0.0149995008794054,-0.0186741824712204,-0.025130709873459,-0.00422484954596715,-0.0225619296789237,0.0773835615818816,-0.028759105535583,-0.00581442950236269,-0.00818753623077283,-0.00817573462218797,-0.022958834971837,-0.0076098075714513,-0.0160697651857305,-0.0244965204721367,-0.023742209513896,-0.0147555473186834,-0.0233035707722293,-0.0120321508786455,-0.00567334424485805,-0.00774685163540937,-0.0181798440994869,-0.0264571530477787,-0.0226782590450441,-0.0195064875650476,-0.033804994349167,0.0183947974733796,-0.0124902627187964,-0.0206484345575047,-0.0230475085882553,-0.0168845675755473,-0.0210467932081261,-0.0100630843130951
"Otu00049",-0.0760493169287872,-0.0984831736663436,-0.0725261664898361,-0.102016105739139,-0.127997875709745,0.678204809872005,0.0951842248046911,-0.0599705690962793,-0.0274251209932612,1,-0.101182086435008,-0.0809539641999576,-0.0721343317018989,-0.0120201875239452,0.374618820574556,0.249472283851401,0.0504149655132763,-0.0945241181455724,-0.068413816897134,-0.110880925987466,0.342487476408456,-0.0586038617059014,0.55522834755913,-0.0790845126830751,0.250334808807209,0.205015080083939,-0.104593663711317,0.15471091794702,0.0414701299654531,-0.0458906627542648,-0.0289047044025463,-0.00404327517864416,0.186106433472579,-0.0890353595109502,0.318823866981,0.0112152346580469,0.0733017275719362,0.0441132768019736,-0.0389656363330646,0.395736785363733,0.691536240647384,0.136065539105674,0.148535385230796,0.232026399162647,0.255124505109256,0.208686246588012,-0.0210966560133376,-0.0756435139960731,0.245067719198622,0.622113795593203,0.289399486658063,0.308983215221965,-0.0334520186595244,0.299777958848851,-0.0769237483928784,0.45644931426703,0.346264712871548,-0.110109572232564,0.538259698017443,0.163162488439316,0.533112528759627,0.737830830310739,-0.0152574677761633,0.566040579085325,-0.0603832490527883,0.234733475443138,0.146131712052174,0.111293874278216,0.175459981124025,0.517994504699153,0.404311150404103,0.0693159262139439,0.301330512685502,-0.0780811838612231,0.495446376322672,0.101838107438173,-0.0471051570332137,0.164332702747841,0.248854468414528,-0.0437813245086448,0.37839739697957,0.335619831342941,0.291006089557722,0.143995278243635,0.234500999253919,-0.0201077875176887,-0.0326403162105204,0.0680887967620938,0.411495200667184,0.552310354842636,0.358116134250793,0.523977289832107,0.508115200344325,-0.0392266933746047,0.0573060207440224,0.386563662723806,0.367150535397974,0.387001323956218,0.262666603957963,-0.0145349971939032
"Otu00083",0.219267358640985,-0.0631541497674089,-0.059388264771143,-0.00177052308907263,0.889850221590857,-0.105909470813375,-0.0489548467395357,0.0284112615261076,0.0939012926380782,-0.101182086435008,1,0.1559348260958,-0.0462574693531686,-0.017586864173018,-0.0481274720871678,-0.0854963499509202,-0.0282190137690263,0.138999166840056,-0.0574618696693949,0.79872953256607,-0.0618041533705918,0.0119226676300049,-0.0604469533099671,0.838206550883927,-0.0572849783399775,-0.0622783116033786,0.895267753480146,-0.0706097920763609,-0.037356978463623,0.251251353635943,-0.0589323178026205,-0.00660176535434197,-0.0291593511144973,0.723201660766784,-0.0936555651282227,-0.0582734455651989,-0.0468391757550428,-0.0263392926332868,-0.0317899924489429,-0.0924586023011656,-0.114218950113809,-0.0487680257675442,-0.0443942959471077,-0.0819319593351165,-0.109116685678335,-0.0639081734572994,-0.0438293126809329,-0.0485077971596045,-0.063783441143944,-0.0595130536241581,-0.0609606549311211,-0.0929388370830317,0.569127354271322,-0.0511543138083642,-0.0493287710561926,-0.0475436365805981,-0.0843271508216601,0.81561514929021,-0.120665325291684,-0.0190554833446754,-0.0749716679378418,-0.0841562472401198,-0.0195407811742071,-0.059137597298188,-0.0387218710786306,-0.0678250013965381,-0.0492648002360748,-0.0275032710206071,-0.0553390737942375,-0.0688964232963787,-0.0579726548018966,-0.0155871360436291,-0.0832398558779142,0.799425303346613,-0.106103681468165,-0.0214517233533037,0.147606132907786,-0.0301635091205312,-0.0755448936811827,-0.0135466724925883,-0.0592877008787815,-0.0903773242195616,-0.0875943736322389,0.0131732936768888,-0.0346794201023727,-0.0443913494675667,0.0852199028200938,-0.0285811906523867,-0.067072614100818,-0.0976108709661611,-0.0836690407839941,-0.0719671250068512,-0.118814181627015,0.126715367073329,-0.0460815047021944,-0.0761802177885889,-0.0850313479623824,-0.0622938282119716,-0.0776499199433837,0.39996427727961
"Otu00203",0.162092850042204,-0.0505284972813202,-0.0594870884976284,0.0250508093024511,0.185010105929397,-0.0847362592603744,-0.0391678907798803,-0.00777320557662644,-0.0140709331346564,-0.0809539641999576,0.1559348260958,1,-0.0370097677359362,-0.0140709331346564,-0.0385059232286303,-0.0778879600445642,-0.00101049303417454,-0.0484972353035571,-0.045974206541657,0.16963735372179,-0.0494483894892339,-0.030067725852477,-0.0483625181755348,0.0450190252038135,-0.0458326789763193,-0.0498277549476324,0.113446712170467,-0.0564936223526862,-0.0298886453493451,-0.0225826078103544,-0.0471506855976755,-0.055960156059603,-0.0233298714168468,0.0901054877460241,-0.0749321301195638,-0.0466235337924512,-0.0448620151351345,-0.0210735934394566,-0.0254346001481369,-0.0739744617291961,-0.0913845239237018,-0.039018418686437,-0.0355190762654707,-0.0655522843671326,-0.0923721966526883,-0.0511317780491715,-0.0350670433343958,-0.0388102144661723,-0.0510319819727541,-0.0476153218644576,-0.0487735215864505,-0.0743586889250223,-0.0171631373255602,-0.0409276447503946,-0.0394670608880554,-0.038038806959706,-0.0674686339175863,0.16650751851318,-0.100947919891238,-0.0152459488714795,-0.0599834806346836,-0.0673318970414344,-0.0156342269205139,-0.0802068295576652,-0.0309806713371971,-0.0542655615077109,-0.0394158789875419,-0.0220048715739234,-0.0442757958116935,-0.0551227868642809,-0.0741812802909936,-0.0124709866905773,-0.0665987088245972,0.132337923854752,-0.0848916437058731,-0.0171631373255602,-0.0100567984128577,-0.0241332801439814,-0.0677703009893565,-0.0224627665219492,-0.0474350211934164,-0.0723092686377634,-0.0700826800176415,-0.0435556893142238,-0.0687878983100851,-0.0355167188402813,0.0458330171168455,-0.022867295648738,-0.0536635899893498,-0.078096699051536,-0.0669420919346527,-0.0575795999731706,-0.0997861888374048,-0.0201259341646426,-0.0368689815893234,-0.060950419593924,-0.0680320493612515,-0.0498401695065806,-0.0621263018060415,0.051233563499783
"Otu00207",-0.0347675074818941,0.471315095722438,0.515814341110119,0.0104526199670558,-0.01909848126195,-0.0755045598207919,0.121272583561123,-0.0274167776115697,-0.0125379574443505,-0.0721343317018989,-0.0462574693531686,-0.0370097677359362,1,-0.0125379574443505,-0.0343108464929668,-0.0694023572651897,-0.026817425739405,-0.043213642377919,0.0715944832307649,-0.0506914930935995,-0.0440611718622045,0.151224133641138,-0.0430936021785943,-0.0361551095716674,-0.0408393795256069,-0.0443992068686777,-0.0478171419875752,-0.0503388528789627,-0.0266323889022251,0.0666632040979931,-0.0420137942408069,-0.0126753869656213,-0.0207881689300443,-0.0407043436149304,-0.066768553987345,-0.0415440736588552,-0.0399744658900236,-0.0187777040239559,-0.0226635953152228,-0.0659152199966762,-0.0814285208424157,-0.0222497943418613,-0.0316494053675984,-0.0584106074493931,-0.0823085903109059,-0.045561161516396,-0.0312466197385982,-0.0345819863349715,-0.0454722378503349,-0.0424278101190906,-0.0434598283006454,-0.0662575870724152,-0.015293277520409,-0.0364687304862581,-0.035167271788767,-0.0338946207995256,-0.060118177862965,-0.00592221798576031,-0.0899500204840502,-0.0135849595986316,-0.0534485041158609,-0.0599963379595372,-0.0139309362022286,-0.0714685945925958,-0.0276054427311919,-0.0483535309539426,-0.0351216659654419,-0.019607522878687,-0.0394521129756844,-0.0491173648047638,-0.0660995064474541,-0.0111123191986754,-0.0593430278646465,-0.0348155082055375,-0.0756430157104286,-0.015293277520409,0.10494397815433,-0.0215040492725089,-0.0603869794322725,-0.0200155318797525,-0.0422671525337643,-0.0644314434825524,-0.0624474333889784,-0.0388104593956217,-0.0612937133198323,-0.0316473047750918,-0.0149221910713979,-0.0203759890667876,-0.0478171419875752,-0.0695883549358021,-0.0596490006654397,-0.0513065172876304,-0.0889148556960901,0.0288778692924498,-0.0328522435406177,-0.0543100986814965,-0.0606202112951875,-0.0444102689077261,-0.05535787291182,-0.0264682100021853
"Otu00018",-0.0132184367253237,-0.0171177553223342,0.0419497952185151,-0.0194090996853087,-0.0222478240354142,0.0436713413591387,0.0287891516819913,-0.0104237250904321,-0.00476687025175033,-0.0120201875239452,-0.017586864173018,-0.0140709331346564,-0.0125379574443505,1,0.618442888744457,0.386871740116341,-0.0101958544326767,-0.0164296160068639,0.0208006604396157,-0.0192726583669789,0.0724517191670212,-0.0101861721985546,0.177493087511106,-0.0137459962701989,0.691147575229867,0.0983605699655298,-0.0181798440994869,-0.0191385862777902,0.118251425567223,0.310014795297233,0.056110090794091,0.161311090375122,-0.00790356040852889,0.546393943336437,0.13889075493493,-0.0157948541251553,-0.0151980969090482,0.87015760521468,0.0277987553384255,0.345628063173596,0.140765458923482,0.755388078035954,-0.0120329495136684,0.201162285173351,-0.0312933244795271,-0.00472099071098601,-0.0118798123825818,-0.0131479024903607,-0.0172883229865281,0.0861271978276225,0.0861272565905145,-0.0251908113558455,-0.00581442950236269,-0.0138652334118725,-0.0133704251644775,-0.0128865694672156,0.0850437139874658,-0.0191385862777902,-0.0159146908372856,-0.00516493536282707,0.0713813277982033,0.012705745630236,0.151390881250463,0.097953817928313,0.787908773967812,-0.0183837765676336,0.0730594630136402,-0.00745468453978859,0.0515607842729561,0.094325842141562,-0.025130709873459,0.959946171837252,0.151557310234509,0.380994465291392,0.0657731395119352,0.148994755998044,-0.00818753623077283,-0.00817573462218797,0.0986887234610308,-0.0076098075714513,0.364248010876558,-0.0244965204721367,0.0472843442285175,0.658729791012653,0.122686446124384,-0.0120321508786455,-0.00567334424485805,0.507902960346527,0.456367557026827,0.055725378606884,0.160294058250198,-0.0195064875650476,0.034826877348284,-0.00681814887044185,-0.0124902627187964,0.431380211963869,-0.00655181191722581,-0.0168845675755473,-0.0210467932081261,-0.0100630843130951
"Otu00028",-0.0361730174450332,-0.0468437285559152,-0.0386693033039579,-0.0421260630684457,-0.0608824586197322,0.411206440410388,-0.00840982697089357,-0.0285251272426238,-0.013044816445233,0.374618820574556,-0.0481274720871678,-0.0385059232286303,-0.0343108464929668,0.618442888744457,1,0.228061115943223,-0.0175514427255805,-0.0449605954759322,-0.0426215574910265,-0.0527407455062595,-0.0458423871555977,-0.027875049999712,0.576825654511697,-0.03761671468523,0.672450244226282,-0.0232585615649747,-0.0497501959894294,0.0904639218142949,0.14262352952342,0.244152506423402,0.0120786781559379,0.127508504818004,0.0714397582845654,0.330398875739433,0.109573952687721,0.0366949783955195,-0.0415904721599252,0.691803479433683,-0.0235797929757161,0.308494123631085,0.47613230090003,0.540818739397633,0.0379180847251009,0.366350276515221,0.200505396247872,0.02783425937745,0.0123269461378029,-0.0359799964271316,0.175353489252534,0.396809218679973,-0.0452167337016057,0.215712853256724,-0.0159115229881112,0.238175265413405,-0.0365889426088933,0.11929095201247,0.359785015777915,-0.0523738494714339,0.227849757590516,0.087231943365061,0.360103203258622,0.455934285717833,0.40129645691448,0.325596951611861,0.515659306378981,0.272793232471837,-0.0365414931262522,0.0234911116063039,0.113501181504036,0.548617959123979,0.294758709692201,0.716915914816716,0.400306343049167,0.240671794668762,0.527529014061687,0.497596718900932,-0.0224056669530515,0.0177405013805656,0.370944856434604,-0.00482303172256117,0.597301515595374,0.261406779956729,0.390517363995724,0.654635882622366,0.460837696235363,0.0136800629969835,-0.0155254350121273,0.662972687866561,0.621862669655156,0.083371460148743,0.453827133240875,0.39718177017323,0.304260217870647,-0.0186582591541124,0.0883854923376954,0.324422261670315,0.232400330194575,0.107431194729424,0.209806594286172,-0.0275382128743757
"Otu00013",-0.0731690685799532,-0.0947532782537913,0.165766874009626,0.0528155401139188,-0.107348835992076,0.358225677601427,0.223919163408474,-0.0370439062438471,-0.0263864376408337,0.249472283851401,-0.0854963499509202,-0.0778879600445642,-0.0694023572651897,0.386871740116341,0.228061115943223,1,-0.0448265311495997,0.254351864604862,0.12359974313557,-0.101464247660043,0.611743818987379,-0.0563843325538937,0.089675386518589,-0.0760893110655896,0.472868506651792,0.60557309064043,-0.09474595624157,0.0186951785731774,0.158927475826513,0.0720031796624512,0.144057197257064,-0.0154951893989535,0.0606606682147431,0.1234231901498,0.510096394617601,0.193768343814156,-0.0841272397130377,0.332289542493001,0.318183878948293,0.495817822853607,0.236628398696707,0.401019925563963,0.0128736115143609,0.366024993024517,-0.165390892258273,0.396483188608168,0.140473485409496,0.0960868250241222,0.189786509884486,0.341976014423331,0.590661802640014,-0.0890190629680676,-0.0321850760307105,-0.0228768405168235,0.130621726217545,0.291211514102104,0.110379972576302,-0.0970368792607781,0.191716923612899,0.0851289681696186,0.234451816777773,0.190931353450187,0.0289895025095209,0.315218812275755,0.239010945297491,0.0432290404610295,0.486525516891495,0.00797549367412694,0.350426726708574,0.00876541253468975,-0.128375625756361,0.345373808006514,-0.0168982479489828,0.0355270339522559,-0.0536587480650779,0.0542277961693904,-0.0453211232476963,-0.000253533875972471,0.144523718831319,-0.0421231756557909,0.152821800871279,-0.123582288260369,-0.0609398708330251,0.203752663730089,-0.0384495562528582,0.200057962783054,-0.0314041155361764,0.172990992291516,0.158368678344983,0.469564262462735,0.0219930103643693,-0.0584200130521949,-0.052127770489121,-0.0377410440172512,0.0271130779770151,0.554003938329628,-0.00480703805970038,0.104243883438668,-0.116501995480541,-0.0557029943503156
"Otu00300",-0.00440398358513812,-0.0366131512424973,-0.0431045822719267,-0.0415141056100815,-0.0350586151311124,0.0325527094203057,-0.0283812103294734,-0.0222952960864125,-0.0101958544326767,0.0504149655132763,-0.0282190137690263,-0.00101049303417454,-0.026817425739405,-0.0101958544326767,-0.0175514427255805,-0.0448265311495997,1,-0.035141290688424,-0.0333130939555129,-0.032949854018019,-0.0358305008159533,-0.021787194422694,0.117483581815212,-0.0294012988819243,-0.0332105425155633,-0.0361053905445591,-0.0295514358363276,-0.0409355047295281,-0.00903282056050452,-0.0347270644568414,-0.0199881595328871,-0.0316851116102915,0.203830564789049,-0.0238916721503694,-0.019678443355523,0.0114492908515731,0.193591049739702,-0.0152700100999633,-0.0184300130049672,0.0338864425005922,0.0429009197376071,-0.0163384429189094,0.205306456639155,0.0532867364603896,0.0199680738119512,0.0596071949696798,-0.0254097198672103,-0.0281220366418662,0.227074538936244,-0.0345022526828256,-0.0353414888341454,0.106015858154761,-0.0124364779581284,0.25863572564498,-0.0285979901865284,0.0974036006774767,-0.0488880420091672,-0.0268198134434839,0.104858597092848,0.169264578034054,-0.0073922282700159,0.0559907203663561,-0.0113286233630367,0.0626935317033695,-0.0224487183726764,-0.0393210429290834,-0.0285609035766903,0.673714377306586,0.036645866241174,0.0822946883833422,-0.0537520524217196,-0.00903652683955988,0.011672524912865,-0.0376788864578631,0.0593393190840137,0.00278748643889084,-0.0175123137745514,0.160901156269367,0.0765032282912228,-0.0162766104721875,0.0965302194173269,-0.0333442714169292,0.0400197500999237,-0.00948373511630387,-0.0426656434154676,-0.0257355565374633,-0.0121347108295631,-0.00389245904012144,0.119783222126609,0.019611078075776,0.0504579188067522,0.0447104854554702,0.170668290238274,-0.0145833323988247,-0.026715411534429,0.0207118235376249,0.155099633672275,-0.0361143861836308,-0.0450169667919759,0.274893881300134
"Otu00033",0.076122090140979,-0.0589984899929118,-0.0570053219234348,0.049353265661079,0.12555118053245,-0.0989404318948185,-0.0457335273470427,0.0382782396948035,-0.0164296160068639,-0.0945241181455724,0.138999166840056,-0.0484972353035571,-0.043213642377919,-0.0164296160068639,-0.0449605954759322,0.254351864604862,-0.035141290688424,1,-0.0536807724456662,0.137405036262012,-0.0577373258540323,0.0472941396999109,-0.0564694320657374,0.209099225766249,-0.0535155208926502,-0.0581802835987752,0.167314349327114,-0.0659635372586171,-0.0348988202385534,0.0803394331621767,-0.0550544623740828,-0.0427472090337792,-0.0272406119196346,0.0953261654078836,-0.0874928558510882,-0.0544389451475935,-0.0523821465791063,-0.0246061184984441,-0.0296981521923931,-0.086374655390246,-0.106703132099927,-0.0455589995402857,-0.0414730692254439,-0.0765406849864215,-0.107856366467713,-0.0597028975304412,-0.0409452629023702,-0.045315894455696,0.148740226126875,-0.0555969847052629,-0.0569493311708099,-0.0868232898359083,0.264530116094085,-0.0477882654177464,-0.0460828467525868,-0.0444151774247239,-0.078778268446422,0.0539701668479594,-0.117869621341584,-0.0178015973227638,-0.0700383936269109,-0.0786186106364064,-0.0182549616581979,-0.0765438343740212,-0.0361739003969357,-0.0633619909523019,-0.0460230853306618,-0.0256935049566451,-0.0516976604623883,-0.0643629113109598,-0.0673379415367031,-0.0145614736842326,-0.0777625195194838,0.103933673551792,-0.0991218631295882,-0.0200401603101579,0.0856201345741447,-0.0281786944730137,-0.0791305033766621,0.0100484493517409,-0.055386460587023,-0.0844303292529738,-0.0818305019576714,-0.0227204601443434,-0.0498233513917511,-0.0414703166297023,0.157142188872252,-0.0267004954844715,-0.0626591121311821,-0.0911878952548004,-0.0781634632655357,-0.0672315551736949,-0.116513151593979,0.0649799682648312,-0.043049256526192,-0.0711674186638695,-0.0794361281138066,-0.0581947791858455,-0.0725404117006147,0.133216868824684
"Otu00171",-0.0431888300763142,0.329518677140592,0.540744536240095,-0.0292366878272034,-0.0726907055501086,0.0854347776094805,0.289340911299516,-0.0213308250019021,-0.0155748787528157,-0.068413816897134,-0.0574618696693949,-0.045974206541657,0.0715944832307649,0.0208006604396157,-0.0426215574910265,0.12359974313557,-0.0333130939555129,-0.0536807724456662,1,-0.0629698945969667,0.0952556496006195,0.22110672656617,-0.0535316563270126,-0.0449125346271788,0.0100298961173957,0.26985023250597,-0.0593993233800799,-0.0625318385092257,-0.0330832378312859,-0.00629517135245964,-0.052190299269293,-0.0102750459783387,-0.0258234414987889,-0.0505636758881445,0.191483016832641,-0.0516068038200485,-0.0496570085047003,0.0940123012375369,0.272429162751027,0.0201111436878573,-0.0829794407384914,0.0124628384430743,-0.0393154669240939,0.225695804359562,-0.102245227749211,-0.013258032162399,-0.0388151192906856,-0.0429583723337171,-0.0564864408163453,-0.0409814569406893,0.248622449692183,-0.0823063796226221,-0.0189975874595792,-0.045302120230797,-0.0436854245684302,-0.0275361882446536,-0.0375699242023347,-0.0625318385092257,0.0203175287436928,-0.0168754838696573,0.101813109616488,-0.037883621819163,-0.0173052622985802,-0.0340086653869199,-0.034291982993597,-0.0600656355088776,0.440377919245449,-0.0243568215025497,0.260033280469677,-0.0610144838094592,-0.0821100089954393,-0.0138039249973639,-0.0737169884264757,-0.0778277421195595,-0.0939651297602794,-0.0189975874595792,-0.0267512806818581,-0.0267127210792068,0.0609597645630717,-0.0248636577037298,-0.0525050255483816,-0.0800379108450254,-0.0775733374255567,-0.0482110584687183,-0.0761401653740964,-0.0393128575298808,-0.0185366171240351,-0.0253114241767435,-0.0593993233800799,0.0346913100144094,-0.074097073404046,-0.0637338888356292,-0.103707526910363,-0.0222770573494814,-0.0408096543774478,-0.000236719271109673,-0.0639568596563856,-0.0551672436828568,-0.0687665564699992,-0.0328792918158971
"Otu00073",0.24685149738315,-0.0692078099284837,-0.035377716627751,0.026915930559545,0.883823604526671,-0.116061455227775,-0.053647428406617,0.0363401863538465,0.106907963523385,-0.110880925987466,0.79872953256607,0.16963735372179,-0.0506914930935995,-0.0192726583669789,-0.0527407455062595,-0.101464247660043,-0.032949854018019,0.137405036262012,-0.0629698945969667,1,-0.0677284092180134,0.220277553196608,-0.0662411143343585,0.758221084937443,-0.0627760472955716,-0.0682480180318695,0.823948748895282,-0.0773781150899506,-0.0409378429530705,0.208257533594837,-0.0645812929815347,-0.0368203879269377,-0.0319544295505895,0.690514483126793,-0.102632947700353,-0.0638592643461629,-0.0533193048114233,-0.0288640535092111,-0.0348372318072082,-0.10132124963884,-0.125167442184247,-0.0534426996537502,-0.0486497246361764,-0.0897855721218055,-0.120942158561298,-0.0700341107876308,-0.0480305847278377,-0.0531575267537496,-0.0698974222205861,-0.0652176954112033,-0.066804056980055,-0.101847517471229,0.34587567792654,-0.0560577260577461,-0.0540571953519427,-0.0521009462703109,-0.0866891004136682,0.785197594109499,-0.133418848605507,-0.0208820524743134,-0.0821580998837415,-0.0922230698178815,-0.0214138686743356,-0.0857317362920035,-0.0424335677632394,-0.0743263874557477,-0.0539870925894799,-0.0301396053975226,-0.0606436174800086,-0.0755005108264283,-0.0761172392698528,-0.0170812456918484,-0.0912188374839936,0.786131537681366,-0.116274282003724,-0.0235079847950072,0.195664594859926,-0.0330548414265424,-0.0847608172808779,0.0587594953437911,-0.0649707414101389,-0.0990404700161161,-0.0959907588570375,-0.0199789094019045,-0.0297098022145289,-0.0486464957209462,0.52436791688178,-0.0313208493422061,-0.07350187984783,-0.106967390577808,-0.0916891620392849,-0.0788655555797523,-0.131476306395935,0.146228182118473,-0.0504986612976904,-0.0834824956466113,-0.093182053585024,-0.0682650219896806,-0.0850930765467601,0.225687672174859
